187 221 238
182 218 237
177 215 236
172 212 235
167 209 234
162 206 233
157 203 232
152 200 231
147 197 230
142 194 229
137 191 228
132 188 227
127 185 226
122 182 225
117 179 224
112 176 223
102 170 221
98 167 219
94 164 217
90 161 215
86 158 213
82 155 211
78 152 209
74 149 207
70 146 205
66 143 203
62 140 201
58 137 199
54 134 197
50 131 195
46 128 193
42 125 191
34 119 187
36 122 181
38 125 175
40 128 169
42 131 163
44 134 157
46 137 151
48 140 145
50 143 139
52 146 133
54 149 127
56 152 121
58 155 115
60 158 109
62 161 103
64 164 97
68 170 85
66 168 84
64 166 83
62 164 82
60 162 81
58 160 80
56 158 79
54 156 78
52 154 77
50 152 76
48 150 75
46 148 74
44 146 73
42 144 72
40 142 71
38 140 70
34 136 68
32 134 67
30 132 66
28 130 65
26 128 64
24 126 63
22 124 62
20 122 61
18 120 60
16 118 59
14 116 58
12 114 57
10 112 56
8 110 55
6 108 54
4 106 53
0 102 51
15 111 48
30 120 45
45 129 42
60 138 39
75 147 36
90 156 33
105 165 30
120 174 27
135 183 24
150 192 21
165 201 18
180 210 15
195 219 12
210 228 9
225 237 6
255 255 0
255 248 4
255 241 8
255 234 12
255 227 16
255 220 20
255 213 24
255 206 28
255 199 32
255 192 36
255 185 40
255 178 44
255 171 48
255 164 52
255 157 56
255 150 60
255 136 68
253 130 66
251 124 64
249 118 62
247 112 60
245 106 58
243 100 56
241 94 54
239 88 52
237 82 50
235 76 48
233 70 46
231 64 44
229 58 42
227 52 40
225 46 38
221 34 34
220 33 34
219 32 34
218 31 34
217 30 34
216 29 34
215 28 34
214 27 34
213 26 34
212 25 34
211 24 34
210 23 34
209 22 34
208 21 34
207 20 34
206 19 34
204 17 34
202 17 33
200 17 32
198 17 31
196 17 30
194 17 29
192 17 28
190 17 27
188 17 26
186 17 25
184 17 24
182 17 23
180 17 22
178 17 21
176 17 20
174 17 19
170 17 17
170 16 23
170 15 29
170 14 35
170 13 41
170 12 47
170 11 53
170 10 59
170 9 65
170 8 71
170 7 77
170 6 83
170 5 89
170 4 95
170 3 101
170 2 107
170 0 119
167 0 119
164 0 119
161 0 119
158 0 119
155 0 119
152 0 119
149 0 119
146 0 119
143 0 119
140 0 119
137 0 119
134 0 119
131 0 119
128 0 119
125 0 119
119 0 119
116 0 118
113 0 117
110 0 116
107 0 115
104 0 114
101 0 113
98 0 112
95 0 111
92 0 110
89 0 109
86 0 108
83 0 107
80 0 106
77 0 105
74 0 104
68 0 102
66 0 100
64 0 98
62 0 96
60 0 94
58 0 92
56 0 90
54 0 88
52 0 86
50 0 84
48 0 82
46 0 80
44 0 78
42 0 76
40 0 74
38 0 72
34 0 68
33 0 65
32 0 62
31 0 59
30 0 56
29 0 53
28 0 50
27 0 47
26 0 44
25 0 41
24 0 38
23 0 35
22 0 32
21 0 29
20 0 26
19 0 23
17 0 17
16 0 16
15 0 15
14 0 14
13 0 13
12 0 12
11 0 11
10 0 10
9 0 9
8 0 8
7 0 7
6 0 6
5 0 5
4 0 4
3 0 3
2 0 2
