128 0 0
130 3 0
132 5 0
134 7 0
137 9 0
140 12 0
142 14 0
144 17 0
146 19 0
149 21 0
151 24 0
154 26 0
156 29 0
158 31 0
160 33 0
163 36 0
165 38 0
168 40 0
170 43 0
173 45 0
175 47 0
177 50 0
180 52 0
182 54 0
184 57 0
187 59 0
189 62 0
191 64 0
193 66 0
196 69 0
198 71 0
200 73 0
203 76 0
205 78 0
207 80 0
210 83 0
212 85 0
215 88 0
217 90 0
219 92 0
222 95 0
224 97 0
226 99 0
229 102 0
231 104 0
233 106 0
236 109 0
238 111 0
240 113 0
243 116 0
246 119 0
248 121 0
250 123 0
252 125 0
254 128 0
255 130 0
255 132 0
255 134 0
255 137 0
255 139 0
255 141 0
255 143 0
255 146 0
255 148 0
255 150 0
255 153 0
255 155 0
255 157 0
255 159 0
255 162 0
255 164 0
255 166 0
255 168 0
255 170 0
255 173 0
255 175 0
255 177 0
255 180 0
255 182 0
255 184 0
255 186 0
255 189 0
255 191 0
255 193 0
255 195 0
255 197 0
255 200 0
255 202 0
255 204 0
255 206 0
255 209 0
255 211 0
255 213 0
255 215 0
255 218 0
255 220 0
255 222 0
255 225 0
255 227 0
255 229 0
255 231 0
255 233 0
255 236 0
255 238 0
255 240 0
255 242 0
255 245 0
255 247 0
255 249 0
255 252 0
255 254 0
255 255 9
255 255 23
255 255 38
255 255 52
255 255 67
255 255 81
255 255 96
255 255 110
255 255 125
255 255 139
255 255 153
255 255 167
255 255 182
255 255 196
255 255 211
255 255 225
255 255 240
254 255 253
247 255 255
239 255 255
231 255 255
223 255 255
215 255 255
207 255 255
198 255 255
189 255 255
181 255 255
173 255 255
165 255 255
157 255 255
148 255 255
140 255 255
132 255 255
124 255 255
116 255 255
108 255 255
100 255 255
91 255 255
83 255 255
75 255 255
66 255 255
58 255 255
50 255 255
41 255 255
33 255 255
25 255 255
17 255 255
9 255 255
2 255 255
3 252 255
5 249 255
7 245 255
10 241 255
13 237 255
15 233 255
18 229 255
21 226 255
24 222 255
26 219 255
29 215 255
32 211 255
34 208 255
37 205 255
40 202 255
42 198 255
44 194 255
47 191 255
50 187 255
52 183 255
55 180 255
58 176 255
61 173 255
63 169 255
66 165 255
69 162 255
71 158 255
74 154 255
77 151 255
79 147 255
81 144 255
84 140 255
87 136 255
90 133 255
92 129 255
95 125 255
98 122 255
100 118 255
103 115 255
106 111 255
107 108 255
105 105 255
103 103 255
100 100 255
98 98 255
95 95 255
92 92 255
89 89 255
87 87 255
84 84 255
81 81 255
79 79 255
76 76 255
73 73 255
70 70 255
68 68 255
66 66 255
63 63 255
61 61 255
58 58 255
55 55 255
52 52 255
50 50 255
47 47 255
44 44 255
42 42 255
39 39 255
36 36 255
33 33 255
31 31 255
29 29 255
26 26 255
24 24 255
21 21 255
18 18 255
15 15 255
13 13 255
10 10 255
7 7 255
4 4 255
2 2 255
5 5 254
17 17 250
29 29 246
41 41 242
54 54 237
66 66 234
79 79 229
91 91 225
104 104 221
116 116 217
128 128 213
141 141 209
153 153 205
165 165 201
175 175 198
